#Accuracy
nntrainacc <- c(1.369001369001369, 1.5823682490349158, 1.6674683341350007, 2.476535809869143, 4.39313772647106, 12.73787940454607, 23.9636906303573, 33.000333000333, 40.61000727667394, 47.044313710980376, 51.936951936951935, 55.84538917872251, 58.944758944758945, 61.7974617974618, 64.0717307383974, 66.13633280299948, 68.05663472330139, 69.83756983756983, 71.4298047631381, 73.06890640223973, 74.5994745994746, 76.04000937334271, 77.45464412131079, 78.61151194484528, 79.8399131732465, 81.03994770661437, 82.19311552644886, 83.18348318348319, 83.86921720255053, 84.97921831255165, 85.73278573278573, 86.80085346752013, 87.18195384862051, 87.99595466262133, 88.661955328622, 89.2687559354226, 89.97052330385664, 90.42685709352376, 90.91649091649091, 91.27169127169127, 91.81559181559182, 92.17942551275884, 92.60739260739261, 92.74429274429275, 93.18212651545984, 93.33259333259333, 93.66559366559366, 94.0257273590607, 94.33899433899434, 94.49316115982782, 94.5942945942946, 94.82986149652817, 95.11352844686178, 95.15792849126183, 95.342928676262, 95.57479557479557, 95.62289562289563, 95.87079587079587, 96.05332938666272, 95.91889591889591, 96.15446282112948, 96.31849631849632, 96.41469641469641, 96.41592974926309, 96.60586327252994, 96.64409664409665, 96.76373009706343, 96.85376352043019, 96.90186356853023, 97.15346382013048, 96.94503027836362, 97.22376389043056, 97.29406396073063, 97.28666395333062, 97.41616408283075, 97.41616408283075, 97.42109742109741, 97.52099752099753, 97.65913099246433, 97.62213095546429, 97.70723104056438, 97.78369778369779, 97.78986445653112, 97.96623129956463, 97.82439782439782, 98.05626472293139, 98.04023137356471, 98.06243139576473, 98.03529803529804, 98.0673647340314, 98.18576485243152, 98.1401314734648, 98.20426487093154, 98.28813162146496, 98.21166487833155, 98.24126490793158, 98.3559650226317, 98.35843169176502, 98.36459836459836, 98.41639841639842)

nntestacc <- c(2.0151636073423784, 2.4142059058260177, 2.075019952114924, 3.35195530726257, 6.464485235434956, 19.353551476456506, 28.731045490822027, 38.06863527533918, 44.792498004788506, 49.740622505985634, 54.32960893854749, 57.940941739824424, 59.85634477254589, 62.31045490822027, 63.32801276935355, 65.1436552274541, 66.77972865123704, 67.87709497206704, 69.03431763766959, 69.53312051077414, 70.11173184357541, 70.65043894652833, 71.66799680766161, 72.1268954509178, 72.78531524341581, 73.60335195530726, 74.04229848363927, 74.48124501197127, 74.82043096568236, 74.34158020750199, 75.19952114924182, 75.57861133280127, 76.17717478052674, 75.89784517158819, 76.99521149241819, 76.25698324022346, 76.79569034317637, 77.09497206703911, 76.6560255387071, 77.55387071029529, 77.55387071029529, 77.4341580207502, 77.61372705506784, 78.17238627294493, 78.11252992817239, 78.49162011173185, 78.77094972067039, 78.35195530726257, 78.6512370311253, 79.28970470869912, 78.89066241021548, 79.0901835594573, 79.16999201915404, 79.56903431763767, 79.22984836392658, 79.2098962490024, 79.92817238627295, 79.24980047885076, 79.4293695131684, 80.22745411013567, 79.82841181165203, 79.68874700718276, 79.80845969672785, 79.80845969672785, 79.90822027134877, 80.28731045490822, 80.14764565043895, 80.26735833998404, 80.5267358339984, 80.06783719074222, 80.24740622505986, 80.28731045490822, 80.48683160415004, 80.22745411013567, 80.7462090981644, 81.10534716679967, 80.70630486831604, 81.0853950518755, 80.60654429369514, 80.8659217877095, 80.6464485235435, 81.02553870710295, 80.80606544293695, 80.72625698324022, 80.7661612130886, 80.24740622505986, 80.94573024740623, 80.98563447725459, 80.72625698324022, 81.06544293695131, 81.26496408619313, 81.12529928172387, 81.06544293695131, 81.00558659217877, 81.82362330407022, 81.48443735035914, 81.68395849960096, 81.22505985634477, 81.32482043096569, 81.12529928172387)

plot(c(1:100),nntrainacc, type = 'l', ylim=c(0,100), ann=F, col = 'red')
lines(c(1:100),nntestacc, type = 'l', ylim=c(0,100), ann=F, col = 'blue')
mtext("Accuracy", 2, cex=1.5,line=2.5)
mtext("Epoch",1,cex=1.5,line=2)

nntrainbatchacc <- c(32.709266042599374, 66.42123308789975, 79.15294581961248, 86.70095336762003, 91.5084915084915, 94.54126120792787, 96.43689643689643, 97.57033090366424, 98.20426487093154, 98.62976529643197, 98.97263230596563, 99.2390325723659, 99.29946596613263, 99.49309949309949, 99.52393285726619, 99.54366621033287, 99.6349329682663, 99.70523303856638, 99.70276636943304, 99.75579975579976, 99.74839974839975, 99.82116648783315, 99.79526646193312, 99.80389980389981, 99.8310331643665, 99.84953318286652, 99.8581665248332, 99.8692665359332, 99.89146655813323, 99.87173320506653, 99.87913321246654, 99.8963998963999, 99.92846659513326, 99.90749990749991, 99.90256656923323, 99.90749990749991, 99.90996657663324, 99.92229992229993, 99.92476659143325, 99.93339993339994, 99.94326660993327, 99.94079994079993, 99.94573327906662, 99.92476659143325, 99.9346332679666, 99.95066661733328, 99.94449994449994, 99.94079994079993, 99.95683329016663, 99.94326660993327, 99.95559995559995, 99.96053329386663, 99.96053329386663, 99.9617666284333, 99.9654666321333, 99.97163330496664, 99.96423329756664, 99.97163330496664, 99.9691666358333, 99.9691666358333, 99.9654666321333, 99.94943328276662, 99.95929995929995, 99.96299996299996, 99.9691666358333, 99.97039997039997, 99.97656664323331, 99.97656664323331, 99.97286663953331, 99.97286663953331, 99.97903331236664, 99.97779997779998, 99.9691666358333, 99.98149998149998, 99.96793330126664, 99.97533330866665, 99.98273331606664, 99.98149998149998, 99.98643331976665, 99.97779997779998, 99.98519998519998, 99.98766665433332, 99.98396665063332, 99.98396665063332, 99.97656664323331, 99.98766665433332, 99.97903331236664, 99.98026664693332, 99.98273331606664, 99.98519998519998, 99.98273331606664, 99.98026664693332, 99.98519998519998, 99.99013332346665, 99.97656664323331, 99.98273331606664, 99.98766665433332, 99.97903331236664, 99.98889998889999, 99.98889998889999)
nntestbatchacc <- c(55.02793296089386, 69.41340782122904, 76.2170790103751, 80.96568236233041, 83.91859537110933, 84.93615323224262, 85.59457302474063, 86.75179569034317, 86.77174780526735, 87.52992817238628, 87.78930566640064, 88.42777334397447, 88.24820430965683, 88.74700718276138, 88.76695929768556, 88.56743814844374, 88.98643256185156, 88.78691141260974, 89.06624102154828, 88.98643256185156, 89.30566640063847, 89.2657621707901, 89.32561851556265, 89.28571428571429, 89.32561851556265, 89.42537909018355, 89.48523543495611, 89.3854748603352, 89.54509177972865, 89.28571428571429, 89.70470869912211, 89.96408619313647, 89.2657621707901, 89.52513966480447, 89.54509177972865, 89.48523543495611, 89.76456504389465, 89.70470869912211, 89.50518754988029, 89.72466081404629, 89.78451715881883, 89.80446927374301, 89.58499600957701, 89.68475658419793, 89.88427773343975, 89.98403830806066, 89.46528332003193, 89.9241819632881, 89.90422984836393, 89.76456504389465, 90.28332003192338, 89.96408619313647, 90.08379888268156, 90.12370311252992, 90.20351157222666, 89.86432561851556, 90.18355945730248, 90.02394253790902, 89.96408619313647, 90.18355945730248, 89.86432561851556, 90.02394253790902, 90.1436552274541, 90.1436552274541, 90.00399042298484, 90.36312849162012, 90.10375099760574, 89.90422984836393, 89.74461292897047, 89.9241819632881, 89.98403830806066, 90.06384676775738, 89.84437350359138, 90.18355945730248, 90.1436552274541, 90.0438946528332, 90.3830806065443, 90.12370311252992, 90.2633679169992, 90.58260175578611, 90.3830806065443, 90.1636073423783, 90.32322426177174, 90.1436552274541, 89.94413407821229, 90.18355945730248, 90.10375099760574, 89.86432561851556, 90.20351157222666, 90.22346368715084, 90.20351157222666, 90.20351157222666, 90.22346368715084, 90.1436552274541, 90.12370311252992, 90.18355945730248, 90.08379888268156, 90.06384676775738, 90.1636073423783, 90.28332003192338)
plot(c(1:100),nntrainbatchacc, type = 'l', ylim=c(0,100),